ENSG00000210135|MT-TN	73	chrM	100.000	73	0	0	1	73	5729	5657	1.86e-30
ENSG00000210135|MT-TN	73	chr1	100.000	73	0	0	1	73	630899	630827	1.86e-30
ENSG00000210135|MT-TN	73	chr1	86.301	73	10	0	1	73	237941237	237941309	6.93e-17
ENSG00000210135|MT-TN	73	chr1	78.571	56	9	1	1	56	93934115	93934167	2.12e-04
ENSG00000210135|MT-TN	73	chr1	100.000	20	0	0	12	31	73258901	73258920	0.11
ENSG00000210135|MT-TN	73	chr1	95.000	20	1	0	53	72	17900506	17900487	4.7
ENSG00000210135|MT-TN	73	chr1	95.000	20	1	0	53	72	96066955	96066974	4.7
ENSG00000210135|MT-TN	73	chr1	95.455	22	0	1	34	54	172147070	172147091	4.7
ENSG00000210135|MT-TN	73	chr1	90.909	22	2	0	27	48	150098722	150098743	4.7
ENSG00000210135|MT-TN	73	chr1	100.000	17	0	0	44	60	211751377	211751393	4.7
ENSG00000210135|MT-TN	73	chr1	90.909	22	2	0	44	65	243689597	243689618	4.7
ENSG00000210135|MT-TN	73	chr6	95.238	21	1	0	38	58	112062411	112062391	1.3
ENSG00000210135|MT-TN	73	chr6	95.000	20	1	0	53	72	23755965	23755984	4.7
ENSG00000210135|MT-TN	73	chr6	95.000	20	1	0	53	72	35865881	35865862	4.7
ENSG00000210135|MT-TN	73	chr6	95.000	20	1	0	30	49	48682188	48682207	4.7
ENSG00000210135|MT-TN	73	chr6	95.000	20	1	0	53	72	55296886	55296905	4.7
ENSG00000210135|MT-TN	73	chr6	83.333	30	5	0	30	59	138812349	138812378	4.7
ENSG00000210135|MT-TN	73	chr6	82.353	34	5	1	25	58	43910390	43910358	4.7
ENSG00000210135|MT-TN	73	chr6	88.462	26	1	1	30	53	54443123	54443148	4.7
ENSG00000210135|MT-TN	73	chr6	100.000	17	0	0	56	72	65735237	65735221	4.7
ENSG00000210135|MT-TN	73	chr6	91.667	24	1	1	41	64	93044296	93044318	4.7
ENSG00000210135|MT-TN	73	chr6	100.000	17	0	0	4	20	102731087	102731071	4.7
ENSG00000210077|MT-TV	69	chrM	100.000	69	0	0	1	69	1602	1670	2.52e-28
ENSG00000210077|MT-TV	69	chr1	79.592	49	10	0	1	49	237945356	237945308	6.76e-04
ENSG00000210077|MT-TV	69	chr1	100.000	18	0	0	36	53	179825906	179825889	1.2
ENSG00000210077|MT-TV	69	chr1	90.909	22	2	0	4	25	75203628	75203649	4.3
ENSG00000210077|MT-TV	69	chr1	100.000	17	0	0	38	54	235514089	235514105	4.3
ENSG00000210077|MT-TV	69	chr6	95.000	20	1	0	6	25	86891932	86891951	4.3
ENSG00000210077|MT-TV	69	chr6	80.556	36	4	1	7	42	153760188	153760220	4.3
ENSG00000210077|MT-TV	69	chr6	100.000	17	0	0	5	21	122250411	122250395	4.3
ENSG00000210156|MT-TK	70	chrM	100.000	70	0	0	1	70	8295	8364	7.39e-29
ENSG00000210156|MT-TK	70	chr1	100.000	70	0	0	1	70	633464	633533	7.39e-29
ENSG00000210156|MT-TK	70	chr1	90.244	41	3	1	1	41	55372704	55372665	1.34e-06
ENSG00000210156|MT-TK	70	chr1	77.143	70	15	1	1	70	106803652	106803584	4.67e-06
ENSG00000210156|MT-TK	70	chr1	86.667	30	3	1	28	57	63838492	63838464	1.3
ENSG00000210156|MT-TK	70	chr1	91.304	23	2	0	27	49	146710690	146710668	1.3
ENSG00000210156|MT-TK	70	chr1	95.000	20	1	0	12	31	52255122	52255103	4.4
ENSG00000210156|MT-TK	70	chr1	95.000	20	1	0	16	35	76160264	76160245	4.4
ENSG00000210156|MT-TK	70	chr1	90.909	22	2	0	27	48	92376356	92376377	4.4
ENSG00000210156|MT-TK	70	chr1	85.714	28	1	1	39	63	104757404	104757431	4.4
ENSG00000210156|MT-TK	70	chr1	100.000	17	0	0	51	67	240555981	240555997	4.4
ENSG00000210156|MT-TK	70	chr6	95.652	46	1	1	1	46	153666397	153666441	4.98e-12
ENSG00000210156|MT-TK	70	chr6	100.000	20	0	0	30	49	76708571	76708590	0.10
ENSG00000210156|MT-TK	70	chr6	91.304	23	2	0	11	33	47116239	47116261	1.3
ENSG00000210156|MT-TK	70	chr6	100.000	18	0	0	21	38	154441903	154441920	1.3
ENSG00000210156|MT-TK	70	chr6	95.000	20	1	0	21	40	85532133	85532152	4.4
ENSG00000210156|MT-TK	70	chr6	85.185	27	4	0	36	62	38574708	38574682	4.4
ENSG00000210156|MT-TK	70	chr6	90.909	22	2	0	11	32	79416063	79416042	4.4
ENSG00000210156|MT-TK	70	chr6	100.000	17	0	0	27	43	92091293	92091277	4.4
ENSG00000210156|MT-TK	70	chr6	100.000	17	0	0	15	31	119096693	119096677	4.4
ENSG00000210156|MT-TK	70	chr6	83.871	31	3	1	20	50	141838608	141838636	4.4
ENSG00000210191|MT-TL2	71	chrM	100.000	71	0	0	1	71	12266	12336	2.17e-29
ENSG00000210191|MT-TL2	71	chr1	84.507	71	11	0	1	71	181422908	181422978	3.44e-14
ENSG00000210191|MT-TL2	71	chr1	85.075	67	10	0	1	67	235539912	235539846	1.20e-13
ENSG00000210191|MT-TL2	71	chr1	83.099	71	10	1	1	71	237951611	237951543	5.10e-12
ENSG00000210191|MT-TL2	71	chr1	86.364	44	6	0	28	71	11142847	11142890	1.37e-06
ENSG00000210191|MT-TL2	71	chr1	73.913	69	18	0	1	69	93922055	93921987	7.09e-04
ENSG00000210191|MT-TL2	71	chr1	88.889	27	3	0	1	27	26123786	26123812	0.37
ENSG00000210191|MT-TL2	71	chr1	95.455	22	1	0	50	71	34364405	34364384	0.37
ENSG00000210191|MT-TL2	71	chr1	100.000	18	0	0	52	69	12535574	12535591	1.3
ENSG00000210191|MT-TL2	71	chr1	80.000	40	3	2	2	41	235604646	235604680	4.5
ENSG00000210191|MT-TL2	71	chr1	100.000	17	0	0	52	68	39848269	39848285	4.5
ENSG00000210191|MT-TL2	71	chr1	100.000	17	0	0	52	68	57883057	57883073	4.5
ENSG00000210191|MT-TL2	71	chr1	100.000	17	0	0	33	49	228398337	228398353	4.5
ENSG00000210191|MT-TL2	71	chr1	90.909	22	2	0	19	40	237185988	237186009	4.5
ENSG00000210191|MT-TL2	71	chr6	89.583	48	4	1	24	71	161561344	161561298	9.22e-09
ENSG00000210191|MT-TL2	71	chr6	83.673	49	7	1	21	69	83466256	83466303	1.67e-05
ENSG00000210191|MT-TL2	71	chr6	88.889	27	3	0	44	70	44923386	44923412	0.37
ENSG00000210191|MT-TL2	71	chr6	86.207	29	4	0	2	30	64480364	64480336	0.37
ENSG00000210191|MT-TL2	71	chr6	88.462	26	3	0	43	68	83160872	83160847	1.3
ENSG00000210191|MT-TL2	71	chr6	88.000	25	3	0	44	68	165977831	165977807	4.5
ENSG00000210191|MT-TL2	71	chr6	100.000	17	0	0	1	17	122961340	122961356	4.5
ENSG00000210191|MT-TL2	71	chr6	100.000	17	0	0	55	71	131852760	131852744	4.5
ENSG00000210191|MT-TL2	71	chr6	100.000	17	0	0	55	71	139399513	139399529	4.5
ENSG00000210049|MT-TF	71	chrM	100.000	71	0	0	1	71	577	647	2.17e-29
ENSG00000210049|MT-TF	71	chr1	81.132	53	9	1	20	71	248904383	248904435	5.82e-05
ENSG00000210049|MT-TF	71	chr1	80.000	50	10	0	22	71	237946365	237946316	2.03e-04
ENSG00000210049|MT-TF	71	chr1	95.000	20	1	0	9	28	94234010	94234029	4.5
ENSG00000210049|MT-TF	71	chr1	95.000	20	1	0	4	23	115373056	115373037	4.5
ENSG00000210049|MT-TF	71	chr1	95.000	20	1	0	22	41	180080863	180080844	4.5
ENSG00000210049|MT-TF	71	chr1	95.455	22	0	1	22	43	190123403	190123423	4.5
ENSG00000210049|MT-TF	71	chr1	91.667	24	1	1	25	47	67997161	67997138	4.5
ENSG00000210049|MT-TF	71	chr1	90.909	22	2	0	21	42	166119814	166119835	4.5
ENSG00000210049|MT-TF	71	chr6	90.000	30	2	1	10	38	36728039	36728068	0.11
ENSG00000210049|MT-TF	71	chr6	88.889	27	3	0	12	38	111986321	111986295	0.37
ENSG00000210049|MT-TF	71	chr6	91.667	24	2	0	28	51	108352001	108351978	0.37
ENSG00000210049|MT-TF	71	chr6	80.556	36	7	0	2	37	13315374	13315409	1.3
ENSG00000210049|MT-TF	71	chr6	100.000	18	0	0	9	26	131454516	131454533	1.3
ENSG00000210049|MT-TF	71	chr6	100.000	17	0	0	26	42	1762787	1762771	4.5
ENSG00000210049|MT-TF	71	chr6	90.909	22	2	0	50	71	80719136	80719157	4.5
ENSG00000210049|MT-TF	71	chr6	90.909	22	2	0	23	44	104174669	104174690	4.5
ENSG00000210195|MT-TT	66	chrM	100.000	66	0	0	1	66	15888	15953	1.02e-26
ENSG00000210195|MT-TT	66	chr1	95.238	21	1	0	46	66	81834230	81834210	1.2
ENSG00000210195|MT-TT	66	chr1	88.000	25	3	0	32	56	32864309	32864285	4.1
ENSG00000210195|MT-TT	66	chr1	88.000	25	3	0	8	32	120942820	120942844	4.1
ENSG00000210195|MT-TT	66	chr1	88.000	25	3	0	8	32	148402933	148402957	4.1
ENSG00000210195|MT-TT	66	chr1	88.000	25	3	0	8	32	149636986	149637010	4.1
ENSG00000210195|MT-TT	66	chr1	88.000	25	3	0	34	58	181834395	181834419	4.1
ENSG00000210195|MT-TT	66	chr1	100.000	17	0	0	42	58	180309058	180309042	4.1
ENSG00000210195|MT-TT	66	chr6	91.304	23	2	0	44	66	45691203	45691181	1.2
ENSG00000210195|MT-TT	66	chr6	91.304	23	2	0	42	64	58952668	58952646	1.2
ENSG00000210195|MT-TT	66	chr6	100.000	18	0	0	16	33	97218727	97218710	1.2
ENSG00000210195|MT-TT	66	chr6	95.000	20	1	0	42	61	78268520	78268501	4.1
ENSG00000210195|MT-TT	66	chr6	91.667	24	1	1	16	39	110845882	110845904	4.1
ENSG00000210107|MT-TQ	72	chrM	100.000	72	0	0	1	72	4400	4329	6.35e-30
ENSG00000210107|MT-TQ	72	chr1	100.000	72	0	0	1	72	629570	629499	6.35e-30
ENSG00000210107|MT-TQ	72	chr1	80.000	70	14	0	1	70	237942562	237942631	7.74e-10
ENSG00000210107|MT-TQ	72	chr1	95.455	22	0	1	24	45	121114900	121114920	4.6
ENSG00000210107|MT-TQ	72	chr1	95.455	22	0	1	24	45	143902276	143902296	4.6
ENSG00000210107|MT-TQ	72	chr1	95.455	22	0	1	24	45	149810296	149810316	4.6
ENSG00000210107|MT-TQ	72	chr1	100.000	17	0	0	31	47	151579426	151579442	4.6
ENSG00000210107|MT-TQ	72	chr6	80.000	60	12	0	1	60	94447192	94447251	4.01e-07
ENSG00000210107|MT-TQ	72	chr6	100.000	19	0	0	26	44	16461931	16461913	0.38
ENSG00000210107|MT-TQ	72	chr6	100.000	19	0	0	26	44	150853290	150853272	0.38
ENSG00000210107|MT-TQ	72	chr6	95.000	20	1	0	29	48	44814406	44814387	4.6
ENSG00000210107|MT-TQ	72	chr6	88.000	25	3	0	31	55	159233303	159233279	4.6
ENSG00000210127|MT-TA	69	chrM	100.000	69	0	0	1	69	5655	5587	2.52e-28
ENSG00000210127|MT-TA	69	chr1	100.000	69	0	0	1	69	630825	630757	2.52e-28
ENSG00000210127|MT-TA	69	chr1	88.406	69	8	0	1	69	237941311	237941379	1.81e-17
ENSG00000210127|MT-TA	69	chr1	79.167	72	11	1	2	69	172710531	172710602	2.52e-09
ENSG00000210127|MT-TA	69	chr1	82.222	45	8	0	1	45	93934190	93934234	1.94e-04
ENSG00000210127|MT-TA	69	chr1	88.000	25	3	0	7	31	216423889	216423865	4.3
ENSG00000210127|MT-TA	69	chr1	100.000	17	0	0	10	26	34329496	34329512	4.3
ENSG00000210127|MT-TA	69	chr1	90.909	22	2	0	46	67	94514176	94514197	4.3
ENSG00000210127|MT-TA	69	chr6	92.500	40	3	0	30	69	91727058	91727097	3.07e-08
ENSG00000210127|MT-TA	69	chr6	91.667	24	2	0	38	61	146674735	146674758	0.35
ENSG00000210127|MT-TA	69	chr6	95.000	20	1	0	44	63	16088384	16088365	4.3
ENSG00000210127|MT-TA	69	chr6	95.455	22	0	1	44	64	89888422	89888443	4.3
ENSG00000210127|MT-TA	69	chr6	95.000	20	1	0	35	54	132857148	132857167	4.3
ENSG00000210127|MT-TA	69	chr6	90.909	22	2	0	46	67	74818162	74818141	4.3
ENSG00000210164|MT-TG	68	chrM	100.000	68	0	0	1	68	9991	10058	8.58e-28
ENSG00000210164|MT-TG	68	chr1	86.111	36	5	0	1	36	235542157	235542122	0.002
ENSG00000210164|MT-TG	68	chr1	95.455	22	1	0	40	61	63562925	63562946	0.34
ENSG00000210164|MT-TG	68	chr1	91.667	24	2	0	38	61	228819999	228819976	0.34
ENSG00000210164|MT-TG	68	chr1	91.667	24	2	0	34	57	231562841	231562818	0.34
ENSG00000210164|MT-TG	68	chr1	100.000	18	0	0	47	64	7638119	7638136	1.2
ENSG00000210164|MT-TG	68	chr1	91.304	23	2	0	46	68	50469116	50469094	1.2
ENSG00000210164|MT-TG	68	chr1	95.000	20	1	0	47	66	70927651	70927670	4.2
ENSG00000210164|MT-TG	68	chr1	91.667	24	0	1	5	28	79902200	79902221	4.2
ENSG00000210164|MT-TG	68	chr1	88.000	25	3	0	28	52	173524578	173524602	4.2
ENSG00000210164|MT-TG	68	chr1	100.000	17	0	0	45	61	51660298	51660314	4.2
ENSG00000210164|MT-TG	68	chr1	90.909	22	2	0	45	66	87128529	87128550	4.2
ENSG00000210164|MT-TG	68	chr6	82.927	41	4	2	28	65	158211791	158211831	0.098
ENSG00000210164|MT-TG	68	chr6	88.462	26	3	0	38	63	130713204	130713179	1.2
ENSG00000210164|MT-TG	68	chr6	88.000	25	3	0	44	68	67092854	67092830	4.2
ENSG00000210164|MT-TG	68	chr6	90.909	22	2	0	41	62	62506263	62506284	4.2
ENSG00000210164|MT-TG	68	chr6	90.909	22	2	0	28	49	74100112	74100091	4.2
ENSG00000210164|MT-TG	68	chr6	90.909	22	2	0	41	62	88161077	88161098	4.2
ENSG00000210164|MT-TG	68	chr6	100.000	17	0	0	2	18	143809261	143809245	4.2
ENSG00000210164|MT-TG	68	chr6	85.185	27	4	0	31	57	167861153	167861179	4.2
ENSG00000210151|MT-TS1	69	chrM	100.000	69	0	0	1	69	7514	7446	2.52e-28
ENSG00000210151|MT-TS1	69	chr1	100.000	69	0	0	1	69	632685	632617	2.52e-28
ENSG00000210151|MT-TS1	69	chr1	82.759	58	10	0	8	65	106804408	106804465	8.80e-09
ENSG00000210151|MT-TS1	69	chr1	78.462	65	14	0	1	65	55373438	55373502	3.74e-07
ENSG00000210151|MT-TS1	69	chr1	92.857	28	0	1	12	39	214710001	214709976	0.029
ENSG00000210151|MT-TS1	69	chr1	91.667	24	2	0	1	24	175710232	175710255	0.35
ENSG00000210151|MT-TS1	69	chr1	100.000	18	0	0	10	27	1032473	1032490	1.2
ENSG00000210151|MT-TS1	69	chr1	91.304	23	2	0	11	33	5913969	5913947	1.2
ENSG00000210151|MT-TS1	69	chr1	88.000	25	3	0	4	28	5391572	5391596	4.3
ENSG00000210151|MT-TS1	69	chr1	95.000	20	1	0	50	69	238115329	238115348	4.3
ENSG00000210151|MT-TS1	69	chr1	90.909	22	2	0	30	51	218166101	218166122	4.3
ENSG00000210151|MT-TS1	69	chr1	83.871	31	3	1	18	46	232050715	232050685	4.3
ENSG00000210151|MT-TS1	69	chr6	84.375	64	9	1	1	64	153665634	153665572	5.93e-11
ENSG00000210151|MT-TS1	69	chr6	95.000	20	1	0	50	69	66580830	66580811	4.3
ENSG00000210151|MT-TS1	69	chr6	100.000	17	0	0	19	35	139480159	139480143	4.3
ENSG00000209082|MT-TL1	75	chrM	100.000	75	0	0	1	75	3230	3304	1.59e-31
ENSG00000209082|MT-TL1	75	chr1	93.333	75	5	0	1	75	237943730	237943656	1.82e-24
ENSG00000209082|MT-TL1	75	chr1	95.833	24	1	0	27	50	102160611	102160588	0.033
ENSG00000209082|MT-TL1	75	chr1	87.500	32	3	1	24	55	110581063	110581033	0.11
ENSG00000209082|MT-TL1	75	chr1	100.000	17	0	0	29	45	53965982	53965966	4.9
ENSG00000209082|MT-TL1	75	chr1	90.909	22	2	0	52	73	68176534	68176555	4.9
ENSG00000209082|MT-TL1	75	chr1	100.000	17	0	0	48	64	84406796	84406780	4.9
ENSG00000209082|MT-TL1	75	chr1	90.909	22	2	0	19	40	85850050	85850071	4.9
ENSG00000209082|MT-TL1	75	chr1	100.000	17	0	0	29	45	92869542	92869558	4.9
ENSG00000209082|MT-TL1	75	chr1	90.909	22	2	0	29	50	102022827	102022806	4.9
ENSG00000209082|MT-TL1	75	chr1	90.909	22	2	0	23	44	190244933	190244954	4.9
ENSG00000209082|MT-TL1	75	chr1	90.909	22	2	0	22	43	196416036	196416015	4.9
ENSG00000209082|MT-TL1	75	chr1	90.909	22	2	0	31	52	208483305	208483284	4.9
ENSG00000209082|MT-TL1	75	chr1	90.909	22	2	0	22	43	225190439	225190460	4.9
ENSG00000209082|MT-TL1	75	chr1	100.000	17	0	0	28	44	235142608	235142624	4.9
ENSG00000209082|MT-TL1	75	chr6	88.000	75	9	0	1	75	156547986	156547912	4.87e-19
ENSG00000209082|MT-TL1	75	chr6	95.455	22	1	0	22	43	43091741	43091720	0.40
ENSG00000209082|MT-TL1	75	chr6	100.000	19	0	0	43	61	14380146	14380164	0.40
ENSG00000209082|MT-TL1	75	chr6	83.871	31	5	0	28	58	14311748	14311718	1.4
ENSG00000209082|MT-TL1	75	chr6	91.304	23	2	0	29	51	142225571	142225593	1.4
ENSG00000209082|MT-TL1	75	chr6	100.000	17	0	0	9	25	5701220	5701204	4.9
ENSG00000209082|MT-TL1	75	chr6	100.000	17	0	0	28	44	82915115	82915099	4.9
ENSG00000210144|MT-TY	66	chrM	100.000	66	0	0	1	66	5891	5826	1.02e-26
ENSG00000210144|MT-TY	66	chr1	98.485	66	1	0	1	66	631061	630996	4.34e-25
ENSG00000210144|MT-TY	66	chr1	88.060	67	6	2	1	66	237941074	237941139	3.12e-14
ENSG00000210144|MT-TY	66	chr1	83.333	66	9	2	1	66	93933954	93934017	2.40e-09
ENSG00000210144|MT-TY	66	chr1	91.892	37	2	1	1	37	106806055	106806090	1.52e-05
ENSG00000210144|MT-TY	66	chr1	95.455	22	1	0	23	44	194076784	194076763	0.33
ENSG00000210144|MT-TY	66	chr1	88.000	25	3	0	18	42	35950516	35950492	4.1
ENSG00000210144|MT-TY	66	chr1	90.909	22	2	0	8	29	42196049	42196070	4.1
ENSG00000210144|MT-TY	66	chr6	90.909	22	2	0	34	55	134807383	134807404	4.1
ENSG00000210117|MT-TW	68	chrM	100.000	68	0	0	1	68	5512	5579	8.58e-28
ENSG00000210117|MT-TW	68	chr1	100.000	68	0	0	1	68	630682	630749	8.58e-28
ENSG00000210117|MT-TW	68	chr1	85.714	70	6	3	1	68	237941456	237941389	4.75e-12
ENSG00000210117|MT-TW	68	chr1	95.455	22	1	0	1	22	94160450	94160429	0.34
ENSG00000210117|MT-TW	68	chr1	88.462	26	3	0	24	49	173224552	173224527	1.2
ENSG00000210117|MT-TW	68	chr1	91.304	23	2	0	16	38	11880927	11880949	1.2
ENSG00000210117|MT-TW	68	chr1	100.000	18	0	0	48	65	88685827	88685810	1.2
ENSG00000210117|MT-TW	68	chr1	84.375	32	3	1	24	55	226692086	226692115	1.2
ENSG00000210117|MT-TW	68	chr6	86.667	60	7	1	10	68	91727164	91727105	1.66e-11
ENSG00000210117|MT-TW	68	chr6	91.304	23	2	0	15	37	15580378	15580400	1.2
ENSG00000210117|MT-TW	68	chr6	100.000	18	0	0	34	51	98399746	98399763	1.2
ENSG00000210117|MT-TW	68	chr6	88.000	25	3	0	27	51	66296866	66296890	4.2
ENSG00000210117|MT-TW	68	chr6	95.000	20	1	0	4	23	87772794	87772775	4.2
ENSG00000210117|MT-TW	68	chr6	95.000	20	1	0	2	21	112588066	112588085	4.2
ENSG00000210117|MT-TW	68	chr6	79.487	39	6	1	7	45	115789524	115789560	4.2
ENSG00000210117|MT-TW	68	chr6	95.000	20	1	0	47	66	149322934	149322953	4.2
ENSG00000210117|MT-TW	68	chr6	100.000	17	0	0	3	19	16154318	16154302	4.2
ENSG00000210117|MT-TW	68	chr6	90.909	22	2	0	32	53	72862470	72862491	4.2
ENSG00000210117|MT-TW	68	chr6	100.000	17	0	0	50	66	126480281	126480297	4.2
ENSG00000210117|MT-TW	68	chr6	85.185	27	4	0	20	46	162296162	162296188	4.2
ENSG00000210174|MT-TR	65	chrM	100.000	65	0	0	1	65	10405	10469	3.47e-26
ENSG00000210174|MT-TR	65	chr6	88.333	60	5	2	8	65	153668529	153668588	1.58e-11
ENSG00000210174|MT-TR	65	chr6	92.000	25	2	0	37	61	146223911	146223887	0.093
ENSG00000210174|MT-TR	65	chr6	85.714	28	4	0	38	65	60721975	60722002	1.1
ENSG00000210174|MT-TR	65	chr6	100.000	18	0	0	36	53	156923272	156923255	1.1
ENSG00000210174|MT-TR	65	chr6	95.000	20	1	0	43	62	65042122	65042141	4.0
ENSG00000210174|MT-TR	65	chr6	90.909	22	2	0	41	62	114332156	114332177	4.0
ENSG00000210174|MT-TR	65	chr1	80.303	66	10	3	1	65	93924371	93924308	1.48e-05
ENSG00000210174|MT-TR	65	chr1	88.889	27	3	0	39	65	228913511	228913485	0.33
ENSG00000210174|MT-TR	65	chr1	91.667	24	2	0	36	59	46369934	46369911	0.33
ENSG00000210174|MT-TR	65	chr1	88.462	26	3	0	33	58	70166108	70166083	1.1
ENSG00000210174|MT-TR	65	chr1	95.238	21	1	0	38	58	100521648	100521668	1.1
ENSG00000210174|MT-TR	65	chr1	95.652	23	0	1	24	46	102028695	102028674	1.1
ENSG00000210174|MT-TR	65	chr1	91.304	23	2	0	8	30	72972618	72972596	1.1
ENSG00000210174|MT-TR	65	chr1	91.304	23	2	0	9	31	94069349	94069327	1.1
ENSG00000210174|MT-TR	65	chr1	82.857	35	5	1	10	43	98608638	98608604	1.1
ENSG00000210174|MT-TR	65	chr1	95.000	20	1	0	1	20	9391222	9391241	4.0
ENSG00000210174|MT-TR	65	chr1	95.000	20	1	0	41	60	72454265	72454246	4.0
ENSG00000210174|MT-TR	65	chr1	95.000	20	1	0	43	62	88177184	88177203	4.0
ENSG00000210174|MT-TR	65	chr1	90.909	22	2	0	40	61	85116889	85116910	4.0
ENSG00000210174|MT-TR	65	chr1	90.909	22	2	0	24	45	104839281	104839302	4.0
ENSG00000210174|MT-TR	65	chr1	100.000	17	0	0	36	52	189843490	189843506	4.0
ENSG00000210174|MT-TR	65	chr1	91.667	24	1	1	41	64	215918764	215918786	4.0
ENSG00000210174|MT-TR	65	chr1	100.000	17	0	0	49	65	247996365	247996349	4.0
ENSG00000210176|MT-TH	69	chrM	100.000	69	0	0	1	69	12138	12206	2.52e-28
ENSG00000210176|MT-TH	69	chr1	82.812	64	11	0	6	69	181422785	181422848	2.07e-10
ENSG00000210176|MT-TH	69	chr1	92.308	26	2	0	6	31	235540035	235540010	0.029
ENSG00000210176|MT-TH	69	chr1	95.238	21	1	0	12	32	247167415	247167395	1.2
ENSG00000210176|MT-TH	69	chr1	92.000	25	1	1	27	51	10213232	10213255	1.2
ENSG00000210176|MT-TH	69	chr1	100.000	18	0	0	13	30	50157856	50157873	1.2
ENSG00000210176|MT-TH	69	chr1	95.000	20	1	0	4	23	190643479	190643460	4.3
ENSG00000210176|MT-TH	69	chr1	95.000	20	1	0	21	40	248593941	248593960	4.3
ENSG00000210176|MT-TH	69	chr1	81.250	32	6	0	18	49	39080116	39080147	4.3
ENSG00000210176|MT-TH	69	chr1	90.909	22	2	0	10	31	83504580	83504601	4.3
ENSG00000210176|MT-TH	69	chr1	91.667	24	1	1	3	26	186929100	186929122	4.3
ENSG00000210176|MT-TH	69	chr1	85.185	27	4	0	5	31	202481393	202481419	4.3
ENSG00000210176|MT-TH	69	chr6	91.304	23	2	0	16	38	70053415	70053393	1.2
ENSG00000210176|MT-TH	69	chr6	95.455	22	0	1	3	24	51304495	51304515	4.3
ENSG00000210176|MT-TH	69	chr6	88.000	25	3	0	1	25	134989980	134990004	4.3
ENSG00000210176|MT-TH	69	chr6	90.909	22	2	0	5	26	46750534	46750513	4.3
ENSG00000210176|MT-TH	69	chr6	100.000	17	0	0	18	34	76309370	76309354	4.3
ENSG00000210194|MT-TE	69	chrM	100.000	69	0	0	1	69	14742	14674	2.52e-28
ENSG00000210194|MT-TE	69	chr1	78.261	69	11	1	1	69	237949149	237949213	1.07e-07
ENSG00000210194|MT-TE	69	chr1	95.238	21	1	0	19	39	54369950	54369930	1.2
ENSG00000210194|MT-TE	69	chr1	95.000	20	1	0	2	21	24756410	24756429	4.3
ENSG00000210194|MT-TE	69	chr1	95.000	20	1	0	2	21	213343046	213343065	4.3
ENSG00000210194|MT-TE	69	chr1	90.909	22	2	0	23	44	197390509	197390530	4.3
ENSG00000210194|MT-TE	69	chr6	86.207	29	4	0	5	33	62363135	62363163	0.35
ENSG00000210194|MT-TE	69	chr6	100.000	17	0	0	4	20	3643106	3643090	4.3
ENSG00000210194|MT-TE	69	chr6	90.909	22	2	0	9	30	53045787	53045766	4.3
ENSG00000210112|MT-TM	68	chrM	100.000	68	0	0	1	68	4402	4469	8.58e-28
ENSG00000210112|MT-TM	68	chr1	98.529	68	1	0	1	68	629572	629639	3.65e-26
ENSG00000210112|MT-TM	68	chr1	94.118	68	4	0	1	68	237942560	237942493	2.30e-22
ENSG00000210112|MT-TM	68	chr1	100.000	17	0	0	40	56	193308977	193308961	4.2
ENSG00000210112|MT-TM	68	chr6	94.118	68	4	0	1	68	94447190	94447123	2.30e-22
ENSG00000210112|MT-TM	68	chr6	77.273	44	9	1	11	53	40820105	40820148	4.2
ENSG00000210100|MT-TI	69	chrM	100.000	69	0	0	1	69	4263	4331	2.52e-28
ENSG00000210100|MT-TI	69	chr1	97.101	69	2	0	1	69	629433	629501	1.30e-25
ENSG00000210100|MT-TI	69	chr1	78.788	66	13	1	2	67	237942697	237942633	1.31e-06
ENSG00000210100|MT-TI	69	chr1	85.185	27	4	0	19	45	60053925	60053951	4.3
ENSG00000210100|MT-TI	69	chr1	87.097	31	2	2	3	33	86092993	86092965	4.3
ENSG00000210100|MT-TI	69	chr1	83.871	31	3	1	25	55	91403616	91403588	4.3
ENSG00000210100|MT-TI	69	chr1	84.848	33	2	2	14	44	147886266	147886297	4.3
ENSG00000210100|MT-TI	69	chr1	90.909	22	2	0	1	22	190329461	190329482	4.3
ENSG00000210100|MT-TI	69	chr6	86.957	69	9	0	1	69	94447329	94447261	7.71e-16
ENSG00000210100|MT-TI	69	chr6	78.571	42	9	0	4	45	125496330	125496289	0.35
ENSG00000210100|MT-TI	69	chr6	95.000	20	1	0	5	24	139665468	139665449	4.3
ENSG00000210100|MT-TI	69	chr6	95.000	20	1	0	25	44	162680726	162680745	4.3
ENSG00000210100|MT-TI	69	chr6	88.889	27	2	1	23	49	164595747	164595772	4.3
ENSG00000210100|MT-TI	69	chr6	90.909	22	2	0	20	41	9067418	9067397	4.3
ENSG00000210100|MT-TI	69	chr6	90.909	22	2	0	8	29	74694871	74694850	4.3
ENSG00000210100|MT-TI	69	chr6	100.000	17	0	0	33	49	91333044	91333060	4.3
ENSG00000210100|MT-TI	69	chr6	100.000	17	0	0	29	45	103475765	103475749	4.3
ENSG00000210100|MT-TI	69	chr6	85.714	28	1	1	25	52	120662128	120662104	4.3
ENSG00000210154|MT-TD	68	chrM	100.000	68	0	0	1	68	7518	7585	8.58e-28
ENSG00000210154|MT-TD	68	chr1	98.529	68	1	0	1	68	632689	632756	3.65e-26
ENSG00000210154|MT-TD	68	chr1	80.882	68	13	0	1	68	106804395	106804328	7.05e-10
ENSG00000210154|MT-TD	68	chr1	81.395	43	7	1	1	43	95597518	95597559	0.028
ENSG00000210154|MT-TD	68	chr1	92.000	25	2	0	2	26	175347223	175347247	0.098
ENSG00000210154|MT-TD	68	chr1	95.455	22	1	0	25	46	192754465	192754444	0.34
ENSG00000210154|MT-TD	68	chr1	82.051	39	6	1	6	43	210057634	210057596	0.34
ENSG00000210154|MT-TD	68	chr1	91.667	24	2	0	9	32	199059441	199059464	0.34
ENSG00000210154|MT-TD	68	chr1	83.871	31	5	0	8	38	31462624	31462654	1.2
ENSG00000210154|MT-TD	68	chr1	79.545	44	5	2	5	48	243428397	243428436	1.2
ENSG00000210154|MT-TD	68	chr1	92.000	25	1	1	39	63	153061548	153061571	1.2
ENSG00000210154|MT-TD	68	chr1	92.000	25	1	1	39	63	153098867	153098890	1.2
ENSG00000210154|MT-TD	68	chr1	100.000	18	0	0	7	24	165923869	165923886	1.2
ENSG00000210154|MT-TD	68	chr1	91.304	23	2	0	33	55	207728278	207728300	1.2
ENSG00000210154|MT-TD	68	chr1	100.000	18	0	0	9	26	237732422	237732405	1.2
ENSG00000210154|MT-TD	68	chr1	81.081	37	6	1	28	64	13553443	13553408	4.2
ENSG00000210154|MT-TD	68	chr1	95.000	20	1	0	48	67	49150687	49150706	4.2
ENSG00000210154|MT-TD	68	chr1	82.051	39	5	2	28	65	72230695	72230732	4.2
ENSG00000210154|MT-TD	68	chr1	95.000	20	1	0	7	26	105771839	105771820	4.2
ENSG00000210154|MT-TD	68	chr1	95.000	20	1	0	21	40	118154279	118154298	4.2
ENSG00000210154|MT-TD	68	chr1	95.000	20	1	0	39	58	153076193	153076212	4.2
ENSG00000210154|MT-TD	68	chr1	83.333	30	5	0	18	47	153164091	153164062	4.2
ENSG00000210154|MT-TD	68	chr1	95.000	20	1	0	28	47	239993761	239993780	4.2
ENSG00000210154|MT-TD	68	chr1	95.000	20	1	0	11	30	247175990	247176009	4.2
ENSG00000210154|MT-TD	68	chr1	85.185	27	4	0	32	58	5374054	5374080	4.2
ENSG00000210154|MT-TD	68	chr1	83.871	31	3	1	27	55	8891515	8891545	4.2
ENSG00000210154|MT-TD	68	chr1	85.714	28	1	1	23	47	70317697	70317670	4.2
ENSG00000210154|MT-TD	68	chr1	85.185	27	4	0	1	27	81991910	81991884	4.2
ENSG00000210154|MT-TD	68	chr1	100.000	17	0	0	30	46	150128401	150128385	4.2
ENSG00000210154|MT-TD	68	chr1	88.462	26	1	1	9	34	172535907	172535930	4.2
ENSG00000210154|MT-TD	68	chr1	85.185	27	4	0	32	58	182438973	182438947	4.2
ENSG00000210154|MT-TD	68	chr1	90.909	22	2	0	34	55	240645217	240645238	4.2
ENSG00000210154|MT-TD	68	chr6	83.824	68	10	1	2	68	153665639	153665706	1.66e-11
ENSG00000210154|MT-TD	68	chr6	92.308	26	2	0	18	43	156196605	156196630	0.028
ENSG00000210154|MT-TD	68	chr6	85.714	35	4	1	34	67	46264205	46264239	0.098
ENSG00000210154|MT-TD	68	chr6	88.889	27	3	0	32	58	106698016	106698042	0.34
ENSG00000210154|MT-TD	68	chr6	87.097	31	2	1	27	55	132416060	132416030	0.34
ENSG00000210154|MT-TD	68	chr6	88.462	26	3	0	1	26	53002807	53002832	1.2
ENSG00000210154|MT-TD	68	chr6	86.667	30	2	1	15	44	111401014	111401041	1.2
ENSG00000210154|MT-TD	68	chr6	91.304	23	2	0	6	28	17168392	17168414	1.2
ENSG00000210154|MT-TD	68	chr6	91.304	23	2	0	24	46	53373594	53373572	1.2
ENSG00000210154|MT-TD	68	chr6	86.667	30	3	1	1	29	155559916	155559945	1.2
ENSG00000210154|MT-TD	68	chr6	95.000	20	1	0	10	29	47661218	47661237	4.2
ENSG00000210154|MT-TD	68	chr6	95.000	20	1	0	48	67	81947737	81947756	4.2
ENSG00000210154|MT-TD	68	chr6	100.000	17	0	0	7	23	25094712	25094696	4.2
ENSG00000210154|MT-TD	68	chr6	86.207	29	3	1	27	55	51674615	51674642	4.2
ENSG00000210154|MT-TD	68	chr6	90.909	22	2	0	34	55	75539570	75539549	4.2
ENSG00000210154|MT-TD	68	chr6	100.000	17	0	0	12	28	81326080	81326096	4.2
ENSG00000210154|MT-TD	68	chr6	90.909	22	2	0	24	45	95459514	95459535	4.2
ENSG00000210154|MT-TD	68	chr6	85.185	27	4	0	18	44	97985215	97985189	4.2
ENSG00000210154|MT-TD	68	chr6	100.000	17	0	0	12	28	126911057	126911073	4.2
ENSG00000210154|MT-TD	68	chr6	81.818	33	3	1	11	43	150957744	150957773	4.2
ENSG00000210140|MT-TC	66	chrM	100.000	66	0	0	1	66	5826	5761	1.02e-26
ENSG00000210140|MT-TC	66	chr1	98.485	66	1	0	1	66	630996	630931	4.34e-25
ENSG00000210140|MT-TC	66	chr1	87.302	63	7	1	1	62	237941139	237941201	3.80e-13
ENSG00000210140|MT-TC	66	chr1	85.714	28	4	0	25	52	118860199	118860172	1.2
ENSG00000210140|MT-TC	66	chr1	95.000	20	1	0	23	42	33482804	33482785	4.1
ENSG00000210140|MT-TC	66	chr1	100.000	17	0	0	9	25	83013389	83013405	4.1
ENSG00000210140|MT-TC	66	chr6	88.462	26	3	0	8	33	106829255	106829280	1.2
ENSG00000210140|MT-TC	66	chr6	85.714	28	4	0	19	46	84771198	84771225	1.2
ENSG00000210140|MT-TC	66	chr6	88.000	25	3	0	15	39	81781054	81781078	4.1
ENSG00000210140|MT-TC	66	chr6	100.000	17	0	0	44	60	52360845	52360861	4.1
ENSG00000210140|MT-TC	66	chr6	78.947	38	5	1	5	42	83734426	83734392	4.1
ENSG00000210140|MT-TC	66	chr6	90.909	22	2	0	13	34	126671324	126671345	4.1
ENSG00000210140|MT-TC	66	chr6	90.909	22	2	0	31	52	136623099	136623120	4.1
ENSG00000210184|MT-TS2	59	chrM	100.000	59	0	0	1	59	12207	12265	5.31e-23
ENSG00000210184|MT-TS2	59	chr1	91.525	59	5	0	1	59	181422849	181422907	6.06e-16
ENSG00000210184|MT-TS2	59	chr1	89.831	59	6	0	1	59	235539971	235539913	7.38e-15
ENSG00000210184|MT-TS2	59	chr1	89.583	48	5	0	12	59	237951659	237951612	5.67e-10
ENSG00000210184|MT-TS2	59	chr1	76.364	55	13	0	1	55	93922113	93922059	0.006
ENSG00000210184|MT-TS2	59	chr1	85.294	34	5	0	14	47	88728645	88728612	0.023
ENSG00000210184|MT-TS2	59	chr1	89.286	28	2	1	13	40	246038719	246038693	0.96
ENSG00000210184|MT-TS2	59	chr1	85.185	27	4	0	11	37	87363950	87363976	3.4
ENSG00000210184|MT-TS2	59	chr6	91.667	24	2	0	18	41	97086589	97086612	0.28
ENSG00000210184|MT-TS2	59	chr6	88.462	26	3	0	25	50	116384136	116384111	0.96
ENSG00000210184|MT-TS2	59	chr6	95.000	20	1	0	14	33	134354295	134354314	3.4
ENSG00000210184|MT-TS2	59	chr6	91.667	24	1	1	4	27	114748227	114748249	3.4
ENSG00000210196|MT-TP	68	chrM	100.000	68	0	0	1	68	16023	15956	8.58e-28
ENSG00000210196|MT-TP	68	chr1	83.871	31	5	0	24	54	50483710	50483740	1.2
ENSG00000210196|MT-TP	68	chr1	100.000	18	0	0	11	28	178327261	178327278	1.2
ENSG00000210196|MT-TP	68	chr1	100.000	18	0	0	37	54	206100116	206100133	1.2
ENSG00000210196|MT-TP	68	chr1	95.000	20	1	0	4	23	95676340	95676359	4.2
ENSG00000210196|MT-TP	68	chr1	83.333	30	5	0	22	51	154269280	154269309	4.2
ENSG00000210196|MT-TP	68	chr1	84.375	32	4	1	9	39	168966212	168966243	4.2
ENSG00000210196|MT-TP	68	chr1	90.909	22	2	0	40	61	35169165	35169186	4.2
ENSG00000210196|MT-TP	68	chr1	100.000	17	0	0	11	27	61147571	61147587	4.2
ENSG00000210196|MT-TP	68	chr1	100.000	17	0	0	12	28	86710970	86710986	4.2
ENSG00000210196|MT-TP	68	chr1	100.000	17	0	0	44	60	88228484	88228468	4.2
ENSG00000210196|MT-TP	68	chr1	91.667	24	1	1	45	68	110688427	110688405	4.2
ENSG00000210196|MT-TP	68	chr6	85.714	28	4	0	14	41	11266562	11266535	1.2
ENSG00000210196|MT-TP	68	chr6	100.000	18	0	0	29	46	23537726	23537709	1.2
ENSG00000210196|MT-TP	68	chr6	100.000	18	0	0	7	24	41859052	41859035	1.2
ENSG00000210196|MT-TP	68	chr6	95.000	20	1	0	44	63	2441633	2441652	4.2
ENSG00000210196|MT-TP	68	chr6	100.000	17	0	0	49	65	4389834	4389818	4.2
ENSG00000210196|MT-TP	68	chr6	86.207	29	3	1	2	29	49650732	49650760	4.2
ENSG00000210196|MT-TP	68	chr6	100.000	17	0	0	6	22	70487775	70487759	4.2
ENSG00000210196|MT-TP	68	chr6	100.000	17	0	0	29	45	83778236	83778252	4.2
